original arrayList. : 
100 100 100 100 100 100 100 100 100 100 
100 100 100 100 100 100 100 100 100 100 
100 100 100 100 100 100 100 100 100 100 
100 100 100 100 100 100 100 100 100 100 
100 100 100 100 100 100 100 100 100 100 
100 100 100 100 100 100 100 100 100 100 
100 100 100 100 100 100 100 100 100 100 
100 100 100 100 100 100 100 100 100 100 
100 100 100 100 100 100 100 100 100 100 
100 100 100 100 100 100 100 100 100 100 

normal array
100 100 100 100 100 100 100 100 100 100 
100 100 100 100 100 100 100 100 100 100 
100 100 100 100 100 100 100 100 100 100 
100 100 100 100 100 100 100 100 100 100 
100 100 100 100 100 100 100 100 100 100 
100 100 100 100 100 100 100 100 100 100 
100 100 100 100 100 100 100 100 100 100 
100 100 100 100 100 100 100 100 100 100 
100 100 100 100 100 100 100 100 100 100 
100 100 100 100 100 100 100 100 100 100 

sorted arrayList: 
1 1 1 1 1 1 1 1 1 1 
1 1 1 1 1 1 1 1 1 1 
1 1 1 1 1 1 1 1 1 1 
1 1 1 1 1 1 1 1 1 1 
1 1 1 1 1 1 1 1 1 1 
1 1 1 1 1 1 1 1 1 1 
1 1 1 1 1 1 1 1 1 1 
1 1 1 1 1 1 1 1 1 1 
1 1 1 1 1 1 1 1 1 1 
1 1 1 1 1 9 9 9 9 23 

sorted array: 
0 1 2 4 5 5 8 9 11 11 
12 12 12 14 14 16 16 18 18 18 
19 20 20 22 23 25 26 27 28 29 
30 31 33 35 35 36 36 36 37 37 
41 42 43 44 44 44 48 48 52 53 
53 53 54 54 56 57 58 58 61 62 
62 63 64 64 64 65 65 70 71 72 
73 73 73 77 77 78 79 79 81 82 
83 84 84 85 85 86 86 88 88 88 
89 94 94 95 95 95 95 97 97 99 
